120220525123123
200015786543874334572022040720210704000318571231321
20001578654387433457202211012021021800025027
20001041988687433457202210012021080700014939
20011001888787433457202205072021042700025879
20010000187687433457202205072021042700020160
20001041988687433457202209302021110100012335
20010000187687433457202202182021040700030644
20011001888787433457202211012021011700025016
20001578654387433457202201172021100100001184
20001578654387433457202208072021040700021493
20010000187687433457202210012021042700024258
20001578654387433457202204272021093000019774
20002000176787433457202210012021110100025003
20011001888787433457202204272021042700000126
20001578654387433457202207042021021800000960
200100001876874334572022093020210218000
20001041988687433457202204072021050700020154
20010000187687433457202207042021100100012915
20001041988687433457202210012021110100010278
20001041988687433457202207042021080700006755
20001578654387433457202209302021093000027110
20001041988687433457202204272021080700016317
20011001888787433457202211012021021800019118
20002000176787433457202207042021042700027603
20002000176787433457202208072021050700005767
20011001888787433457202208072021040700026502
20001041988687433457202208072021100100014159
20001578654387433457202208072021110100011213
20001578654387433457202208072021110100003383
20011001888787433457202210012021011700025141
20002000176787433457202208072021050700005956
20010000187687433457202204072021093000013659
20001578654387433457202211012021080700027599
20001578654387433457202207042021042700029044
20010000187687433457202211012021070400000261
20001041988687433457202207042021050700029893
20002000176787433457202201172021100100017767
20002000176787433457202202182021040700028715
20001578654387433457202207042021050700002123
20001578654387433457202201172021040700030613
20010000187687433457202204272021040700012889
20001578654387433457202201172021080700025221
20001578654387433457202208072021050700019983
20001578654387433457202204272021042700031891
20010000187687433457202204072021050700024638
20010000187687433457202207042021040700001514
20001578654387433457202210012021110100004234
20001578654387433457202205072021050700000969
20010000187687433457202204272021100100008686
20001041988687433457202204272021100100024835
20001578654387433457202207042021110100015158
20010000187687433457202209302021011700024191
20001041988687433457202208072021070400032643
20010000187687433457202208072021093000021433
20011001888787433457202210012021021800030411
20001578654387433457202208072021070400016191
20010000187687433457202202182021070400018006
20002000176787433457202209302021050700010036
20011001888787433457202204272021011700014658
20011001888787433457202210012021042700018897
20002000176787433457202201172021040700006400
20001578654387433457202204072021110100007647
20010000187687433457202207042021050700021972
20010000187687433457202202182021100100009022
20002000176787433457202208072021093000032601
20001041988687433457202202182021100100000866
20001041988687433457202211012021110100003323
20002000176787433457202208072021011700000464
20002000176787433457202208072021100100030331
20011001888787433457202211012021070400015525
20001578654387433457202207042021080700007278
20011001888787433457202205072021040700015631
20001578654387433457202211012021040700000190
20011001888787433457202209302021110100022483
20001578654387433457202211012021100100020264
20010000187687433457202207042021021800024005
20001578654387433457202210012021080700013757
20011001888787433457202201172021093000007251
20010000187687433457202205072021021800003425
20002000176787433457202201172021100100011771
20001578654387433457202210012021093000021071
20002000176787433457202204272021110100006863
20002000176787433457202201172021042700027795
20001578654387433457202205072021011700018680
20001578654387433457202205072021050700018574
20010000187687433457202205072021110100015665
20002000176787433457202207042021110100016245
20001041988687433457202204072021110100011080
20011001888787433457202209302021050700020434
20011001888787433457202202182021070400022176
20001578654387433457202207042021040700009730
20002000176787433457202205072021110100017073
20002000176787433457202204072021080700029877
20001041988687433457202205072021050700013190
20002000176787433457202205072021070400007538
20001041988687433457202204272021080700032318
20011001888787433457202204072021021800010512
20001041988687433457202211012021040700010637
20002000176787433457202205072021093000004158
20011001888787433457202204272021050700024120
20010000187687433457202209302021042700021500
20001578654387433457202204272021042700010140
20010000187687433457202204272021042700026143
20011001888787433457202207042021100100001063
20011001888787433457202205072021042700025041
20002000176787433457202202182021021800017885
20010000187687433457202208072021093000005135
20011001888787433457202204272021080700017108
20011001888787433457202204072021100100021545
20002000176787433457202210012021050700021945
20001041988687433457202204072021050700011333
20010000187687433457202209302021070400011849
20010000187687433457202201172021093000020957
20011001888787433457202201172021070400029145
20002000176787433457202201172021042700028220
20010000187687433457202211012021040700011215
20002000176787433457202204272021110100014085
20001041988687433457202208072021021800003622
20010000187687433457202204272021070400022188
20002000176787433457202209302021011700000494
20001041988687433457202207042021011700009467
20002000176787433457202202182021080700001993
20002000176787433457202209302021040700012175
20002000176787433457202205072021050700026735
20002000176787433457202211012021100100004696
20002000176787433457202204272021070400013611
20010000187687433457202207042021093000008220
20011001888787433457202201172021080700006236
20002000176787433457202205072021021800023285
20001578654387433457202201172021093000030197
20011001888787433457202209302021080700015566
20011001888787433457202210012021080700023549
20001578654387433457202204272021110100020458
20010000187687433457202204272021080700017167
20011001888787433457202209302021040700005981
20001041988687433457202211012021050700007899
20001041988687433457202201172021042700018321
20011001888787433457202209302021100100016036
20001578654387433457202207042021011700020162
20002000176787433457202210012021080700032192
20011001888787433457202205072021050700011650
20002000176787433457202207042021042700017436
20011001888787433457202211012021042700007990
20001041988687433457202211012021021800022197
20002000176787433457202204272021050700004760
20002000176787433457202204072021042700030751
20001041988687433457202208072021070400029235
20010000187687433457202207042021042700022786
20010000187687433457202204272021100100015594
20001041988687433457202201172021110100022680
20010000187687433457202201172021021800028273
20002000176787433457202202182021040700005424
20001041988687433457202204072021011700014289
20011001888787433457202210012021021800019631
20001578654387433457202207042021042700002025
20002000176787433457202207042021110100003337
20001041988687433457202210012021100100025576
20002000176787433457202201172021011700013516
20002000176787433457202205072021110100004052
20001041988687433457202205072021070400017302
20001578654387433457202209302021040700001798
20001041988687433457202209302021050700031386
20010000187687433457202204272021042700017579
20010000187687433457202210012021070400019743
20010000187687433457202210012021093000023621
20011001888787433457202209302021100100008448
20010000187687433457202202182021093000025128
20010000187687433457202201172021100100024365
20001041988687433457202204272021100100009213
20011001888787433457202211012021050700021544
20002000176787433457202202182021042700012610
20002000176787433457202202182021042700024714
20011001888787433457202209302021110100013256
20001041988687433457202202182021042700031100
20001041988687433457202201172021100100006196
20001578654387433457202208072021011700031038
20001041988687433457202210012021070400001663
20010000187687433457202205072021110100016291
20002000176787433457202210012021011700010871
20002000176787433457202201172021093000008850
20002000176787433457202210012021042700019515
20002000176787433457202207042021042700011911
20002000176787433457202208072021042700014530
20010000187687433457202209302021100100014096
20011001888787433457202211012021050700031316
20011001888787433457202205072021042700014161
20002000176787433457202209302021021800024848
20010000187687433457202204072021100100000641
20002000176787433457202210012021011700023396
20001578654387433457202207042021040700017514
20001578654387433457202204072021040700007832
20011001888787433457202211012021100100020973
20011001888787433457202204272021110100008004
20002000176787433457202207042021050700018812
20010000187687433457202211012021021800022997
20001578654387433457202208072021093000000925
20001041988687433457202204272021011700027405
20001041988687433457202205072021110100021358
20002000176787433457202209302021050700030847
20001578654387433457202201172021080700005915
20001041988687433457202207042021011700026903
20001578654387433457202210012021042700006250
20001041988687433457202209302021070400028048
20001578654387433457202205072021042700015664
20011001888787433457202208072021110100022780
20002000176787433457202209302021080700002008
20001578654387433457202204272021100100018751
20010000187687433457202202182021100100026595
20001041988687433457202202182021080700008084
20002000176787433457202207042021093000023139
20001041988687433457202208072021110100018695
20001578654387433457202204272021042700023168
20001578654387433457202208072021050700022266
20002000176787433457202204072021011700008691
20011001888787433457202204072021093000026528
20001041988687433457202207042021042700014733
20001578654387433457202204072021011700024197
20002000176787433457202202182021042700022961
20002000176787433457202210012021093000027907
20010000187687433457202208072021021800006870
20001578654387433457202202182021070400027342
20001578654387433457202208072021093000030214
20010000187687433457202202182021050700032362
20010000187687433457202201172021021800005473
20002000176787433457202201172021080700005552
20010000187687433457202211012021011700029851
20001041988687433457202208072021042700011852
20010000187687433457202205072021110100020857
20002000176787433457202207042021040700028226
20001578654387433457202209302021011700027736
20002000176787433457202208072021021800003172
20010000187687433457202202182021040700006311
20011001888787433457202204272021042700002269
20011001888787433457202211012021110100007528
20010000187687433457202202182021011700013738
20001578654387433457202209302021080700026035
20010000187687433457202209302021040700003868
20002000176787433457202209302021093000000306
20011001888787433457202208072021050700025688
20001041988687433457202207042021070400029862
20001578654387433457202207042021042700020438
20002000176787433457202209302021050700023137
20002000176787433457202201172021100100032741
20010000187687433457202209302021093000021194
20001578654387433457202210012021110100020261
20010000187687433457202211012021042700017628
20002000176787433457202202182021110100011532
20010000187687433457202207042021050700028327
20011001888787433457202204072021050700022114
20002000176787433457202205072021021800017870
20010000187687433457202204272021070400024004
20001578654387433457202205072021080700010247
20010000187687433457202204272021070400001061
20010000187687433457202211012021070400023454
20002000176787433457202202182021100100024904
20001578654387433457202204072021080700024562
20002000176787433457202211012021050700023624
20002000176787433457202208072021040700003575
20010000187687433457202208072021042700029713
20001041988687433457202210012021021800002226
20011001888787433457202204272021070400022500
20002000176787433457202205072021021800032192
20010000187687433457202209302021042700020438
20011001888787433457202211012021110100013775
20001578654387433457202204072021070400030033
20001578654387433457202202182021093000029987
20011001888787433457202210012021021800015250
20002000176787433457202210012021050700011283
20011001888787433457202205072021110100018473
20001041988687433457202207042021093000030601
20001041988687433457202209302021100100007037
20011001888787433457202201172021080700029062
20001578654387433457202210012021021800002373
20011001888787433457202209302021021800020891
20002000176787433457202209302021110100000272
20010000187687433457202210012021050700023921
20011001888787433457202208072021011700009917
20002000176787433457202211012021011700010563
20011001888787433457202211012021100100015108
20001578654387433457202207042021080700010334
20010000187687433457202207042021070400021484
20001578654387433457202204272021021800003496
20011001888787433457202204072021011700025938
20001041988687433457202201172021110100031766
20002000176787433457202208072021040700006505
20002000176787433457202208072021050700001844
20001578654387433457202207042021070400031028
20010000187687433457202204072021110100000928
20011001888787433457202211012021110100025869
20002000176787433457202209302021080700010128
20011001888787433457202204272021080700023842
20010000187687433457202208072021011700031560
20001041988687433457202207042021080700006643
20011001888787433457202211012021070400006564
20011001888787433457202205072021011700029909
20011001888787433457202210012021093000016533
20001578654387433457202201172021100100008306
20010000187687433457202207042021050700012699
20011001888787433457202208072021011700012614
20002000176787433457202201172021080700025168
20001041988687433457202208072021093000030243
20011001888787433457202211012021093000031965
20011001888787433457202204272021110100008367
20001578654387433457202207042021042700012418
20010000187687433457202205072021110100015841
20011001888787433457202208072021110100021011
20011001888787433457202208072021050700032391
20002000176787433457202202182021042700019574
20001578654387433457202207042021042700020419
20001578654387433457202208072021100100024870
20002000176787433457202204072021070400017289
20002000176787433457202202182021093000014514
20002000176787433457202202182021011700018723
20010000187687433457202211012021040700017214
20011001888787433457202202182021093000013741
20010000187687433457202205072021080700026881
20010000187687433457202202182021040700007321
20011001888787433457202202182021040700002758
20010000187687433457202201172021100100030764
20001041988687433457202208072021110100021100
20001041988687433457202211012021042700008704
20010000187687433457202207042021070400021350
20011001888787433457202211012021011700007040
20002000176787433457202209302021110100031547
20011001888787433457202210012021050700009839
20002000176787433457202202182021100100020998
20001041988687433457202202182021021800011617
20002000176787433457202208072021011700002807
20011001888787433457202209302021021800031807
20002000176787433457202211012021042700025809
20001041988687433457202201172021080700018632
20010000187687433457202202182021080700023146
20010000187687433457202210012021100100002827
20001041988687433457202210012021040700009006
20011001888787433457202202182021080700009710
20001041988687433457202210012021021800000924
20010000187687433457202209302021042700024490
20002000176787433457202205072021070400028103
20010000187687433457202208072021070400010828
20001578654387433457202202182021050700029143
20011001888787433457202207042021093000015413
20010000187687433457202208072021080700032390
20002000176787433457202208072021011700030875
20011001888787433457202204072021080700029091
20011001888787433457202211012021042700010247
20010000187687433457202201172021042700030866
20002000176787433457202202182021093000000213
20011001888787433457202202182021042700016586
20010000187687433457202201172021050700032695
20002000176787433457202209302021021800030805
20011001888787433457202204072021042700004146
20001578654387433457202208072021070400007764
20010000187687433457202202182021093000001311
20002000176787433457202208072021070400009081
20002000176787433457202210012021110100024875
20002000176787433457202210012021093000023178
20002000176787433457202202182021070400028504
20010000187687433457202211012021093000014565
20001041988687433457202210012021100100011129
20010000187687433457202207042021042700026358
20001578654387433457202207042021093000031418
20001041988687433457202209302021040700008387
20001041988687433457202205072021110100013334
20001041988687433457202201172021021800026209
20011001888787433457202205072021050700030943
20011001888787433457202208072021070400031868
20010000187687433457202201172021042700023866
20011001888787433457202210012021011700015571
20011001888787433457202201172021070400024736
20001041988687433457202201172021042700014009
20001578654387433457202209302021050700013918
20002000176787433457202210012021042700008085
20001041988687433457202208072021110100024085
20010000187687433457202207042021080700004963
20011001888787433457202201172021042700003131
20002000176787433457202207042021040700009521
20010000187687433457202211012021042700025240
20010000187687433457202201172021070400016291
20001578654387433457202210012021050700030922
20002000176787433457202211012021080700021871
20011001888787433457202210012021093000013506
20001041988687433457202204072021070400025058
20001578654387433457202201172021042700029509
20001041988687433457202208072021040700014681
20001578654387433457202205072021050700000107
20002000176787433457202211012021040700010697
20011001888787433457202209302021021800024611
20002000176787433457202204072021050700027447
20001041988687433457202208072021040700026286
20001041988687433457202211012021080700024640
20002000176787433457202211012021080700008479
20001041988687433457202204272021093000009875
20001041988687433457202207042021100100003553
20001041988687433457202207042021080700030578
20011001888787433457202204272021110100009521
20001041988687433457202204072021042700022581
20010000187687433457202202182021050700012704
20001041988687433457202202182021093000006855
20002000176787433457202205072021040700030867
20002000176787433457202209302021093000011815
20011001888787433457202202182021042700012994
20011001888787433457202210012021011700016103
20011001888787433457202201172021021800021692
20002000176787433457202201172021021800010161
20010000187687433457202205072021093000010081
20002000176787433457202210012021021800012733
20011001888787433457202202182021080700012391
20001578654387433457202207042021050700009564
20011001888787433457202207042021021800027350
20001578654387433457202202182021050700010865
20011001888787433457202208072021070400020364
20010000187687433457202209302021110100030962
20002000176787433457202204272021042700011706
20010000187687433457202208072021042700022891
20010000187687433457202211012021011700021348
20002000176787433457202210012021110100030075
20002000176787433457202204272021021800001509
20001041988687433457202207042021040700030806
20011001888787433457202211012021093000019048
20001578654387433457202209302021040700032577
20011001888787433457202208072021080700032368
20001041988687433457202210012021093000023065
20002000176787433457202204072021040700016466
20001041988687433457202205072021042700007116
20011001888787433457202209302021021800010166
20001041988687433457202210012021110100031454
20001041988687433457202204272021040700019994
20010000187687433457202202182021093000000486
20001578654387433457202209302021021800010062
20011001888787433457202204272021093000004111
20011001888787433457202204072021021800010745
20002000176787433457202205072021070400010647
20011001888787433457202204072021093000018450
20001578654387433457202204072021080700006227
20001578654387433457202205072021093000014184
20011001888787433457202207042021011700023593
20001041988687433457202201172021021800002587
20002000176787433457202207042021021800027540
20010000187687433457202202182021093000005920
20010000187687433457202204072021110100017444
20001578654387433457202207042021110100012993
20010000187687433457202204072021021800019195
20001041988687433457202205072021042700014107
20002000176787433457202208072021093000032081
20011001888787433457202202182021011700023710
20001578654387433457202204272021070400028913
20010000187687433457202209302021050700025233
20011001888787433457202204272021110100009402
20010000187687433457202205072021011700001931
20001578654387433457202210012021080700008480
20011001888787433457202211012021080700020987
20001041988687433457202204072021011700026792
20010000187687433457202209302021011700010400
20011001888787433457202202182021070400014447
20010000187687433457202202182021070400015122
20001041988687433457202208072021042700006307
20001578654387433457202201172021070400014904
20002000176787433457202205072021100100015624
20001578654387433457202202182021021800024783
20011001888787433457202204272021093000013684
20002000176787433457202211012021100100019433
20010000187687433457202205072021021800028244
20010000187687433457202202182021040700009068
20011001888787433457202211012021070400000293
20010000187687433457202201172021040700004751
20010000187687433457202208072021021800021755
20011001888787433457202210012021080700004193
20001578654387433457202204072021042700003838
20001041988687433457202205072021050700030785
20001578654387433457202204072021070400021224
20001578654387433457202210012021050700029287
20010000187687433457202202182021040700021385
20001041988687433457202207042021080700011353
20002000176787433457202207042021080700013123
20001578654387433457202209302021070400024951
20001041988687433457202209302021021800013454
20002000176787433457202205072021070400013168
20001578654387433457202208072021042700014965
20001041988687433457202210012021021800021194
20002000176787433457202204072021011700006423
20001578654387433457202208072021042700030558
20002000176787433457202208072021021800013863
20001041988687433457202210012021070400010458
20001041988687433457202201172021040700031084
20002000176787433457202205072021070400022333
20001041988687433457202208072021110100003393
20001578654387433457202211012021011700017247
20011001888787433457202209302021011700028438
20001578654387433457202211012021093000014182
20010000187687433457202201172021080700020462
20001041988687433457202204272021080700003922
20002000176787433457202204272021040700017631
20010000187687433457202205072021110100004466
20010000187687433457202208072021110100018325
20001041988687433457202210012021011700005868
20001041988687433457202205072021093000001744
20010000187687433457202211012021100100001081
20002000176787433457202204072021110100001761
20011001888787433457202210012021011700004518
20001041988687433457202201172021093000004656
20010000187687433457202207042021070400025557
20002000176787433457202205072021021800031161
20001041988687433457202204272021080700029754
20001041988687433457202202182021040700009611
20001578654387433457202205072021070400018846
20001041988687433457202204072021021800030024
20001578654387433457202211012021110100000160
20010000187687433457202208072021100100028840
20001041988687433457202205072021110100009263
20001578654387433457202211012021040700018421
20010000187687433457202209302021093000022033
20002000176787433457202208072021021800009360
20011001888787433457202204072021040700018271
20001041988687433457202211012021093000018795
20002000176787433457202208072021070400000262
20002000176787433457202211012021021800000909
20010000187687433457202204272021021800031815
20001578654387433457202208072021011700027281
20001578654387433457202207042021011700002872
20002000176787433457202205072021100100028967
20002000176787433457202211012021080700004418
20002000176787433457202209302021070400017809
20001578654387433457202210012021093000002977
20010000187687433457202210012021040700000551
20010000187687433457202204272021042700027111
20001578654387433457202204072021080700011732
20001041988687433457202204272021042700013945
20010000187687433457202207042021080700003223
20001041988687433457202205072021070400003856
20001578654387433457202209302021042700016387
20002000176787433457202210012021080700027961
20011001888787433457202201172021050700014272
20010000187687433457202204272021093000016085
20011001888787433457202204272021100100029192
20002000176787433457202210012021050700020122
20011001888787433457202207042021021800003114
20001578654387433457202204072021011700031888
20001578654387433457202209302021093000008970
20001578654387433457202204072021050700018070
20010000187687433457202202182021070400000926
20011001888787433457202207042021093000008410
20011001888787433457202210012021040700011123
20011001888787433457202210012021042700007780
20001041988687433457202207042021050700006438
20002000176787433457202210012021100100027020
20002000176787433457202207042021050700027884
20001578654387433457202202182021100100003199
20001578654387433457202201172021042700022794
20011001888787433457202210012021093000002494
20001041988687433457202204072021021800025181
20010000187687433457202211012021042700017567
20002000176787433457202211012021042700028884
20002000176787433457202209302021021800014794
20001578654387433457202202182021070400012273
20001041988687433457202210012021070400001981
20002000176787433457202211012021011700016204
20001041988687433457202201172021011700018249
20010000187687433457202204272021050700013072
20002000176787433457202208072021080700013331
20001578654387433457202207042021093000025724
20001578654387433457202205072021100100009492
20001578654387433457202202182021042700004707
20002000176787433457202201172021011700021785
20010000187687433457202211012021040700020908
20001578654387433457202201172021042700031555
20001041988687433457202208072021070400019923
20002000176787433457202201172021011700013191
20010000187687433457202207042021093000022886
20002000176787433457202208072021110100014128
20002000176787433457202205072021050700020104
20001578654387433457202204272021042700025944
20001041988687433457202204272021100100016242
20001041988687433457202202182021040700007027
20011001888787433457202202182021021800030445
20011001888787433457202209302021040700024005
20011001888787433457202208072021110100018649
20011001888787433457202211012021080700020454
20002000176787433457202201172021093000012970
20010000187687433457202207042021011700032069
20001578654387433457202202182021070400019429
20011001888787433457202202182021050700029090
20001578654387433457202201172021011700001703
20002000176787433457202201172021042700008595
20001578654387433457202211012021011700016415
20001578654387433457202208072021080700008960
20001041988687433457202208072021093000008463
20010000187687433457202208072021080700013735
20010000187687433457202208072021080700020046
20001041988687433457202204072021110100007064
20011001888787433457202201172021040700026953
20011001888787433457202210012021011700016826
20001041988687433457202209302021093000024702
20010000187687433457202204272021011700014404
20010000187687433457202211012021011700004095
20010000187687433457202208072021093000031557
20001041988687433457202204072021021800012789
20001578654387433457202207042021011700002845
20002000176787433457202210012021093000007963
20011001888787433457202204272021042700021762
20002000176787433457202205072021110100024383
20001041988687433457202204072021050700027516
20011001888787433457202202182021050700002500
20002000176787433457202204072021011700003816
20010000187687433457202205072021042700030242
20010000187687433457202210012021093000001529
20001578654387433457202201172021040700015460
20002000176787433457202205072021080700017970
20001578654387433457202209302021011700001449
20001041988687433457202211012021021800027758
20001041988687433457202209302021011700011429
20010000187687433457202210012021040700001368
20001578654387433457202202182021100100011805
20001578654387433457202211012021040700009715
20001041988687433457202204072021100100026990
20011001888787433457202204272021093000021524
20001578654387433457202201172021040700012550
20001041988687433457202211012021040700016099
20002000176787433457202202182021011700010985
20011001888787433457202201172021040700018269
20002000176787433457202208072021042700000301
20002000176787433457202204072021100100022741
20002000176787433457202209302021070400025215
20001578654387433457202211012021050700004462
20001578654387433457202202182021040700021148
20001578654387433457202207042021100100015010
20001578654387433457202202182021011700019161
20001041988687433457202209302021093000004543
20011001888787433457202209302021021800010908
20001041988687433457202208072021040700024677
20002000176787433457202207042021100100030688
20010000187687433457202204072021100100025865
20011001888787433457202202182021011700028597
20001578654387433457202210012021050700002933
20001578654387433457202202182021100100026301
20001041988687433457202210012021080700030021
20010000187687433457202204272021093000031152
20002000176787433457202208072021093000021100
20011001888787433457202208072021042700003545
20001578654387433457202204072021011700002477
20002000176787433457202204272021100100008599
20010000187687433457202204072021042700012578
20002000176787433457202205072021021800027869
20001041988687433457202209302021021800022201
20001578654387433457202204272021011700020914
20001578654387433457202204072021021800006321
20011001888787433457202207042021110100007345
20002000176787433457202208072021093000003617
20001041988687433457202208072021042700005514
20011001888787433457202204272021070400032626
20001578654387433457202210012021110100024448
20010000187687433457202204072021021800028385
20011001888787433457202205072021070400010729
20001578654387433457202211012021080700028926
20010000187687433457202204272021080700012466
20011001888787433457202211012021100100021807
20002000176787433457202209302021040700003288
20001041988687433457202207042021080700007725
20001041988687433457202207042021040700021743
20001041988687433457202209302021080700019077
20010000187687433457202207042021021800003487
20001578654387433457202209302021011700027929
20011001888787433457202205072021110100027170
20010000187687433457202209302021110100005533
20001578654387433457202201172021011700023751
20002000176787433457202207042021100100002331
20001041988687433457202210012021093000030579
20001041988687433457202210012021093000019055
20010000187687433457202205072021040700007194
20010000187687433457202207042021042700029387
20002000176787433457202208072021042700032074
20010000187687433457202205072021080700023092
20010000187687433457202204072021080700028321
20010000187687433457202204272021093000004099
20010000187687433457202201172021050700001362
20002000176787433457202202182021100100009062
20002000176787433457202204072021011700002212
20001578654387433457202207042021100100015324
20002000176787433457202208072021093000012914
20002000176787433457202209302021021800000444
20011001888787433457202204072021050700016300
20001578654387433457202205072021100100022191
20010000187687433457202204272021042700020692
20010000187687433457202204272021100100024113
20002000176787433457202201172021100100006787
20002000176787433457202211012021042700022036
20002000176787433457202211012021093000026082
20002000176787433457202209302021070400016125
20002000176787433457202208072021011700024881
20002000176787433457202211012021021800021733
20001578654387433457202209302021042700016451
20010000187687433457202205072021080700022425
20011001888787433457202201172021080700011519
20001578654387433457202202182021042700009019
20011001888787433457202204272021100100002017
20010000187687433457202201172021011700006335
20001041988687433457202207042021080700030839
20002000176787433457202201172021100100022126
20001578654387433457202211012021050700019941
20001578654387433457202207042021093000016486
20001041988687433457202201172021011700012130
20001578654387433457202204272021011700022808
20010000187687433457202210012021021800007352
20010000187687433457202204272021100100027081
20002000176787433457202207042021080700016072
20010000187687433457202208072021100100031506
20011001888787433457202211012021070400002052
20001041988687433457202204072021011700007520
20001041988687433457202202182021050700009458
20011001888787433457202208072021011700000372
20011001888787433457202211012021042700015536
20010000187687433457202208072021040700024804
20002000176787433457202204072021093000000362
20011001888787433457202209302021093000013976
20010000187687433457202211012021093000004326
20011001888787433457202202182021050700018254
20011001888787433457202204272021080700009465
20002000176787433457202207042021080700031255
20001578654387433457202208072021021800005135
20001041988687433457202209302021080700000216
20010000187687433457202209302021080700008614
20002000176787433457202208072021050700020682
20001578654387433457202204272021070400007891
20001041988687433457202210012021093000027386
20010000187687433457202201172021050700023229
20010000187687433457202202182021080700029897
20011001888787433457202211012021110100025373
20011001888787433457202208072021021800008301
20002000176787433457202208072021100100005316
20010000187687433457202207042021021800025966
20011001888787433457202209302021093000031765
20001041988687433457202209302021040700002346
20001578654387433457202211012021021800001415
20011001888787433457202204272021070400030546
20010000187687433457202201172021040700032292
20001578654387433457202205072021021800027242
20002000176787433457202211012021050700025612
20011001888787433457202210012021080700025677
20010000187687433457202204072021070400001779
20002000176787433457202209302021042700030375
20001041988687433457202211012021042700030878
20010000187687433457202204272021042700023417
20011001888787433457202205072021110100019818
20010000187687433457202201172021093000023961
20001578654387433457202205072021040700011462
20011001888787433457202211012021070400004399
20010000187687433457202202182021100100012724
20011001888787433457202207042021050700023609
20011001888787433457202202182021021800006988
20001041988687433457202211012021110100020231
20002000176787433457202210012021042700019768
20001041988687433457202202182021040700019648
20011001888787433457202205072021042700008249
20011001888787433457202201172021021800000988
20010000187687433457202210012021021800000673
20001578654387433457202201172021110100013991
20002000176787433457202204272021100100026839
20010000187687433457202208072021042700021445
20011001888787433457202205072021070400003542
20011001888787433457202210012021093000024232
20011001888787433457202211012021093000000942
20001041988687433457202201172021050700010267
20011001888787433457202201172021011700005122
20001578654387433457202204072021040700022203
20002000176787433457202211012021011700028808
20001578654387433457202207042021042700016248
20010000187687433457202201172021100100013196
20002000176787433457202202182021021800003609
20001041988687433457202205072021100100012397
20011001888787433457202208072021011700015797
20011001888787433457202209302021021800005151
20002000176787433457202204272021042700024891
20002000176787433457202204272021070400021927
20001578654387433457202210012021042700015339
20001578654387433457202208072021080700030370
20002000176787433457202204072021021800010715
20011001888787433457202210012021070400005054
20010000187687433457202204072021040700022643
20001578654387433457202202182021042700017727
20002000176787433457202210012021080700020208
20010000187687433457202211012021070400020348
20001578654387433457202205072021070400018149
20010000187687433457202204272021100100009055
20001041988687433457202211012021040700021685
20011001888787433457202207042021040700012009
20002000176787433457202207042021011700024603
20010000187687433457202211012021100100032171
20002000176787433457202210012021093000027810
20001041988687433457202202182021011700010574
20011001888787433457202202182021100100012845
20010000187687433457202204072021040700006669
20010000187687433457202207042021040700001392
20002000176787433457202208072021050700005941
20002000176787433457202211012021110100004213
20010000187687433457202204272021040700010156
20002000176787433457202204272021110100023321
20010000187687433457202208072021021800016999
20001041988687433457202205072021050700009100
20001041988687433457202209302021070400020210
20001578654387433457202204272021080700001748
20002000176787433457202205072021021800030188
20011001888787433457202210012021040700031051
20001578654387433457202201172021070400016776
20010000187687433457202209302021093000003868
20011001888787433457202207042021042700003597
20001578654387433457202209302021050700005322
20001041988687433457202207042021100100019030
20010000187687433457202210012021011700030633
20001041988687433457202204072021042700002132
20001578654387433457202209302021042700032355
20011001888787433457202201172021050700023943
20001578654387433457202211012021110100020853
20001578654387433457202207042021093000005001
20011001888787433457202207042021100100021423
20011001888787433457202204072021100100010371
20001578654387433457202207042021110100019127
20011001888787433457202205072021050700008117
20011001888787433457202209302021110100022406
20002000176787433457202201172021093000008691
20010000187687433457202209302021042700016106
20002000176787433457202210012021021800028195
20002000176787433457202209302021070400000514
20002000176787433457202205072021070400006592
20001041988687433457202211012021021800018118
20011001888787433457202211012021110100008537
20002000176787433457202205072021093000004220
20010000187687433457202202182021093000018706
20001578654387433457202205072021040700018500
20010000187687433457202202182021011700019746
20010000187687433457202210012021021800005517
20010000187687433457202208072021050700025172
20010000187687433457202204272021050700001693
20002000176787433457202202182021080700001671
20002000176787433457202211012021110100002317
20001578654387433457202204272021093000008494
20010000187687433457202201172021042700012874
20010000187687433457202201172021021800029648
20011001888787433457202201172021050700022550
20001578654387433457202205072021050700023176
20011001888787433457202207042021100100030981
20001041988687433457202204072021070400023686
20001578654387433457202208072021042700029953
20011001888787433457202204072021110100003213
20011001888787433457202205072021070400005574
20001578654387433457202208072021011700014707
20001041988687433457202209302021021800026470
20001578654387433457202210012021040700028324
20010000187687433457202211012021042700024774
20001041988687433457202204072021050700017567
20011001888787433457202204072021042700023583
20001041988687433457202210012021042700000375
20002000176787433457202201172021080700024446
20001041988687433457202209302021070400002388
20001041988687433457202208072021011700013637
20010000187687433457202210012021050700007920
20001578654387433457202209302021070400021672
20002000176787433457202210012021050700029722
20011001888787433457202210012021070400006704
20001041988687433457202209302021040700002614
20011001888787433457202204272021100100020540
20010000187687433457202210012021100100025275
20011001888787433457202204072021011700001915
20002000176787433457202208072021110100032691
20010000187687433457202207042021093000016243
20002000176787433457202210012021042700013375
20011001888787433457202205072021011700024316
20002000176787433457202207042021040700017681
20001578654387433457202211012021011700031942
20001578654387433457202211012021011700022767
20001041988687433457202209302021040700030671
20002000176787433457202211012021093000014647
20010000187687433457202211012021040700024558
20001578654387433457202205072021080700025173
20001578654387433457202204072021080700011851
20001041988687433457202208072021042700025679
20002000176787433457202209302021080700019940
20011001888787433457202211012021042700004922
20001041988687433457202204272021093000029706
20001578654387433457202204072021040700001986
20001041988687433457202209302021080700018658
20002000176787433457202204072021080700028582
20011001888787433457202207042021021800024549
20001578654387433457202210012021070400011833
20001041988687433457202205072021070400000096
20011001888787433457202204272021093000019682
20002000176787433457202202182021070400015860
20001041988687433457202211012021100100015261
20010000187687433457202205072021070400024855
20010000187687433457202211012021110100024952
20002000176787433457202205072021070400008082
20001041988687433457202209302021080700032023
20001578654387433457202205072021040700009473
20001578654387433457202210012021011700021808
20010000187687433457202204072021011700027477
20011001888787433457202201172021093000014608
20002000176787433457202211012021080700025429
20010000187687433457202204072021080700020756
20011001888787433457202207042021011700027929
20002000176787433457202209302021100100016177
20001578654387433457202204272021100100008334
20010000187687433457202210012021042700003948
20010000187687433457202202182021042700026101
20001041988687433457202204272021040700030818
20002000176787433457202204072021110100024164
20002000176787433457202205072021011700027586
20011001888787433457202204272021100100007235
20001041988687433457202208072021050700030414
20002000176787433457202204272021040700011216
20001041988687433457202210012021070400029406
20011001888787433457202209302021100100027548
20002000176787433457202205072021100100001501
20001041988687433457202208072021080700013579
20001041988687433457202209302021011700029386
20001041988687433457202210012021040700021720
20001041988687433457202209302021070400014903
20002000176787433457202209302021050700021391
20002000176787433457202204072021110100002766
20001578654387433457202204272021093000003601
20011001888787433457202210012021050700000455
20001041988687433457202204272021110100007699
20002000176787433457202209302021110100015219
20001041988687433457202201172021042700004768
20001578654387433457202202182021042700013237
20001578654387433457202209302021011700030866
20002000176787433457202207042021080700030339
20011001888787433457202210012021110100013085
20001578654387433457202205072021040700008297
20001041988687433457202202182021021800009285
20011001888787433457202202182021042700012038
20010000187687433457202211012021110100009570
20001041988687433457202204272021050700008590
20001578654387433457202210012021110100020387
20001041988687433457202211012021011700026950
20011001888787433457202209302021110100005256
20010000187687433457202209302021042700010763
20002000176787433457202204272021080700009831
20001041988687433457202211012021021800019147
20001578654387433457202204272021070400012520
20001041988687433457202208072021100100022026
20010000187687433457202209302021080700024968
20001041988687433457202210012021050700010847
20002000176787433457202207042021021800016410
20011001888787433457202205072021100100031477
20011001888787433457202207042021080700022337
20001041988687433457202202182021070400008202
20010000187687433457202205072021070400011512
20001578654387433457202205072021021800014195
20011001888787433457202209302021110100002826
20002000176787433457202210012021011700005398
20011001888787433457202201172021040700006042
20011001888787433457202204072021011700000878
20001041988687433457202210012021110100015773
20001578654387433457202209302021040700021515
20002000176787433457202210012021021800025947
20011001888787433457202205072021042700016399
20011001888787433457202204072021100100031985
20001041988687433457202202182021050700006322
20002000176787433457202201172021093000020690
20001041988687433457202201172021011700018367
20001578654387433457202208072021070400013377
20010000187687433457202210012021042700008213
20011001888787433457202204072021021800031193
20011001888787433457202209302021080700032296
20001578654387433457202208072021021800015365
20001041988687433457202210012021080700014461
20011001888787433457202204072021070400030088
20011001888787433457202202182021093000024625
20010000187687433457202202182021080700027126
20001041988687433457202202182021070400020850
20001041988687433457202202182021110100024121
20001041988687433457202205072021021800005124
20010000187687433457202204072021100100008462
20010000187687433457202208072021080700003005
20001578654387433457202209302021050700025477
20010000187687433457202204072021021800030986
20010000187687433457202207042021050700024964
20001041988687433457202201172021070400018792
20010000187687433457202209302021021800023109
20011001888787433457202208072021100100014315
20002000176787433457202204072021011700022739
20011001888787433457202210012021100100015803
20001041988687433457202211012021093000019601
20001041988687433457202207042021040700021138
20002000176787433457202211012021042700029107
20001578654387433457202210012021070400032064
20001578654387433457202209302021011700002499
20001578654387433457202204072021070400013351
20001578654387433457202205072021011700025629
20001578654387433457202201172021100100003519
20010000187687433457202204272021040700013939
20002000176787433457202201172021042700016659
20002000176787433457202204072021080700017739
20002000176787433457202210012021070400030274
20002000176787433457202204072021042700023676
20011001888787433457202208072021050700026367
20001578654387433457202204072021100100006068
20011001888787433457202204072021110100020241
20002000176787433457202204272021050700031477
20001041988687433457202210012021040700011475
20010000187687433457202202182021070400023315
20010000187687433457202205072021050700020917
20001578654387433457202208072021093000005688
20002000176787433457202205072021021800017082
20002000176787433457202204072021110100007264
20010000187687433457202210012021040700026872
20001041988687433457202208072021042700018397
20010000187687433457202204072021021800004635
20002000176787433457202201172021042700001492
20001578654387433457202209302021011700016611
20002000176787433457202205072021080700020158
20010000187687433457202204072021100100019873
20001578654387433457202205072021070400028393
20001578654387433457202202182021110100022206
20010000187687433457202209302021021800007924
20011001888787433457202208072021011700000307
20001578654387433457202204072021070400027734
20001041988687433457202205072021011700002322
20002000176787433457202208072021042700029144
20001041988687433457202202182021070400008700
20002000176787433457202204072021093000024598
20011001888787433457202207042021080700010153
20010000187687433457202211012021042700022018
20002000176787433457202201172021011700007779
20002000176787433457202205072021040700002401
20002000176787433457202210012021042700000907
20011001888787433457202205072021042700016204
20001041988687433457202207042021110100028179
20011001888787433457202207042021100100005296
20002000176787433457202209302021100100032514
20011001888787433457202204272021093000005839
20011001888787433457202208072021093000008691
20001578654387433457202210012021110100011197
20001578654387433457202205072021110100007574
20001041988687433457202201172021093000019171
20002000176787433457202208072021093000029741
20010000187687433457202210012021070400001407
20011001888787433457202202182021021800005136
20010000187687433457202210012021070400024354
20001578654387433457202210012021070400022570
20001578654387433457202201172021050700030257
20010000187687433457202205072021050700022650
20010000187687433457202204072021040700031845
20001578654387433457202201172021040700002707
20011001888787433457202204272021011700032587
20001041988687433457202211012021050700012829
20001578654387433457202205072021100100000197
20010000187687433457202209302021021800008530
20002000176787433457202201172021100100024455
20011001888787433457202209302021040700018817
20001578654387433457202210012021080700003994
20010000187687433457202208072021042700007054
20010000187687433457202202182021040700008924
20010000187687433457202205072021050700014447
20010000187687433457202210012021100100008574
20001041988687433457202208072021021800029105
20010000187687433457202204072021011700012933
20011001888787433457202205072021070400006641
20001578654387433457202210012021011700005194
20002000176787433457202202182021093000009572
20010000187687433457202208072021042700025850
20001041988687433457202208072021042700006735
20001578654387433457202204072021021800015126
20002000176787433457202205072021100100020879
20011001888787433457202204272021093000003572
20002000176787433457202207042021011700001811
20010000187687433457202204072021080700028220
20010000187687433457202211012021011700014941
20001578654387433457202211012021110100003692
20010000187687433457202205072021093000024325
20011001888787433457202210012021050700006997
20001578654387433457202205072021021800023862
20002000176787433457202204272021040700025755
20001041988687433457202209302021040700025135
20011001888787433457202204272021050700021817
20010000187687433457202204272021021800000195
20011001888787433457202201172021042700015355
20010000187687433457202202182021110100008665
20011001888787433457202202182021110100025602
20001578654387433457202209302021110100017645
20010000187687433457202205072021021800032068
20002000176787433457202205072021050700004237
20011001888787433457202208072021093000021769
20001578654387433457202210012021110100013020
20010000187687433457202201172021080700024175
20001041988687433457202208072021100100004627
20001041988687433457202210012021110100002791
20011001888787433457202209302021011700019707
20011001888787433457202209302021080700029365
20001041988687433457202204272021042700002932
20010000187687433457202208072021100100019828
20002000176787433457202208072021110100007922
20001578654387433457202210012021021800014992
20001041988687433457202205072021021800029434
20001041988687433457202209302021110100022986
20002000176787433457202201172021070400019881
20010000187687433457202205072021080700013239
20011001888787433457202207042021093000024622
20002000176787433457202204272021011700029250
20011001888787433457202205072021040700010059
20001041988687433457202209302021021800026917
20001041988687433457202204272021080700007127
20011001888787433457202210012021042700028276
20002000176787433457202202182021050700013119
20010000187687433457202210012021040700000786
20001578654387433457202204072021070400012289
20002000176787433457202204072021050700019258
20001041988687433457202204072021110100016943
20001578654387433457202211012021040700022264
20010000187687433457202204272021070400030706
20011001888787433457202202182021100100015021
20011001888787433457202209302021021800032261
20011001888787433457202204272021100100030606
20011001888787433457202208072021100100012342
20010000187687433457202208072021050700013349
20010000187687433457202204272021050700031208
20011001888787433457202204072021040700017615
20011001888787433457202207042021011700001683
20010000187687433457202210012021100100001084
20001041988687433457202209302021110100016962
20001578654387433457202209302021042700031731
20002000176787433457202207042021050700010772
20001578654387433457202209302021040700023755
20011001888787433457202201172021021800027837
20010000187687433457202204072021080700018291
20010000187687433457202201172021093000023298
20001041988687433457202204272021050700025835
20011001888787433457202204272021042700010304
20010000187687433457202208072021021800020232
20001578654387433457202201172021110100031461
20002000176787433457202209302021070400018676
20001578654387433457202204272021040700019701
20001578654387433457202208072021093000018348
20002000176787433457202211012021040700007302
20011001888787433457202210012021093000019072
20002000176787433457202207042021093000027717
20002000176787433457202202182021021800000918
20002000176787433457202205072021080700005103
20010000187687433457202204272021011700020584
20011001888787433457202211012021021800024793
20001041988687433457202209302021040700000577
20001578654387433457202201172021050700001641
20011001888787433457202205072021070400030404
20001578654387433457202202182021042700024218
20010000187687433457202207042021070400000101
20010000187687433457202210012021080700031356
20001578654387433457202208072021100100007918
20002000176787433457202211012021070400000689
20001041988687433457202210012021040700002044
20001578654387433457202202182021011700026609
20001578654387433457202205072021093000032639
20001041988687433457202209302021011700025479
20011001888787433457202209302021042700000061
20001578654387433457202201172021021800018386
20001578654387433457202207042021070400013392
20002000176787433457202202182021070400008389
20011001888787433457202207042021100100015779
20001041988687433457202201172021110100009319
20001578654387433457202208072021093000020089
20001041988687433457202202182021040700029523
20002000176787433457202201172021021800004582
20001041988687433457202207042021070400010553
20010000187687433457202208072021042700025684
20001578654387433457202211012021042700015708
20001041988687433457202208072021011700023551
20010000187687433457202202182021110100013075
20001578654387433457202204072021080700008569
20001041988687433457202201172021040700006728
20010000187687433457202207042021021800006183
20002000176787433457202211012021050700024571
20010000187687433457202209302021011700022211
20002000176787433457202204072021080700028351
20002000176787433457202211012021021800028632
20010000187687433457202205072021110100007996
20001041988687433457202211012021050700002633
20002000176787433457202204272021050700030892
20002000176787433457202211012021093000018890
20002000176787433457202208072021080700016735
20001578654387433457202208072021093000001892
20001041988687433457202202182021011700024375
20002000176787433457202209302021050700023030
20002000176787433457202201172021093000002091
20001578654387433457202202182021040700028335
20010000187687433457202205072021093000017096
20001578654387433457202201172021100100012693
20010000187687433457202204072021093000013996
20001578654387433457202210012021100100017921
20011001888787433457202211012021070400019722
20001578654387433457202210012021070400020256
20010000187687433457202209302021011700008489
20002000176787433457202209302021110100002164
20002000176787433457202204272021021800016612
20011001888787433457202205072021093000011857
20002000176787433457202208072021093000015659
20002000176787433457202204272021100100013920
20001578654387433457202204272021040700002688
20002000176787433457202209302021070400022560
20002000176787433457202202182021100100012668
20011001888787433457202209302021070400025952
20010000187687433457202201172021070400020296
20001041988687433457202210012021093000029382
20002000176787433457202202182021093000026148
20001578654387433457202210012021100100020554
20001041988687433457202204072021011700032227
20011001888787433457202210012021110100020924
20010000187687433457202204072021093000005228
20010000187687433457202201172021040700026426
20010000187687433457202204072021080700024123
20002000176787433457202207042021021800001467
20010000187687433457202210012021080700022238
20001041988687433457202211012021100100024455
20010000187687433457202211012021042700008569
20001041988687433457202204072021040700027837
20002000176787433457202204272021011700014659
20010000187687433457202211012021110100017356
20001578654387433457202201172021100100029190
20011001888787433457202202182021070400016889
20001578654387433457202209302021042700018595
20010000187687433457202204272021050700000991
20011001888787433457202207042021100100000908
20001578654387433457202201172021110100011754
20002000176787433457202202182021011700009031
20002000176787433457202205072021110100001244
20001041988687433457202204072021080700008946
20011001888787433457202211012021042700022089
20011001888787433457202210012021011700002233
20001041988687433457202204072021100100012570
20001578654387433457202211012021093000018018
20002000176787433457202207042021070400028173
20001578654387433457202201172021011700027074
20001578654387433457202211012021050700002099
20011001888787433457202211012021093000007493
20011001888787433457202210012021042700017777
20010000187687433457202209302021100100030825
20010000187687433457202211012021093000012031
20001578654387433457202202182021042700008259
20001041988687433457202204272021070400023020
20011001888787433457202204072021011700014330
20001041988687433457202208072021080700032665
20001578654387433457202204072021093000008519
20002000176787433457202208072021093000026169
20010000187687433457202207042021011700003323
20010000187687433457202210012021042700006488
20001578654387433457202210012021011700023417
20001041988687433457202207042021080700029265
20002000176787433457202205072021011700019768
20001041988687433457202201172021042700028885
20001578654387433457202210012021011700000834
20001578654387433457202201172021100100025451
20001578654387433457202210012021100100020407
20001578654387433457202204272021021800024555
20011001888787433457202207042021042700022091
20011001888787433457202207042021093000003074
20010000187687433457202208072021050700031939
20001578654387433457202210012021093000013745
20001041988687433457202208072021100100011132
20001041988687433457202205072021080700015309
20010000187687433457202202182021080700024037
20001578654387433457202201172021042700018049
20010000187687433457202201172021050700000768
20001578654387433457202204072021110100020423
20001041988687433457202202182021042700011749
20001578654387433457202208072021070400031731
20011001888787433457202202182021050700005694
20002000176787433457202204272021080700016937
20001041988687433457202211012021042700026828
20001041988687433457202209302021021800025825
20002000176787433457202208072021042700026593
20010000187687433457202210012021021800014954
20002000176787433457202210012021040700023524
20011001888787433457202204072021110100017764
20011001888787433457202210012021080700021456
20001578654387433457202208072021093000007493
20001578654387433457202201172021040700013749
20011001888787433457202202182021011700009941
20011001888787433457202208072021040700007990
20002000176787433457202211012021011700007345
20001578654387433457202208072021011700005641
20001041988687433457202205072021110100026572
20011001888787433457202208072021011700002170
20011001888787433457202202182021011700018409
20001041988687433457202204272021011700007656
20010000187687433457202208072021080700019491
20002000176787433457202209302021093000022343
20001041988687433457202202182021093000007014
20010000187687433457202202182021011700032668
20001041988687433457202204272021093000003315
20010000187687433457202205072021093000027780
20010000187687433457202204072021011700004319
20001578654387433457202211012021011700003757
20002000176787433457202205072021011700026772
20010000187687433457202211012021042700021083
20001578654387433457202204272021042700012111
20001041988687433457202210012021021800020453
20001578654387433457202204272021110100012960
20001041988687433457202205072021021800019509
20011001888787433457202204072021100100006894
20001578654387433457202201172021021800002380
20002000176787433457202211012021093000025584
20002000176787433457202204072021021800026299
20001041988687433457202207042021070400009525
20001578654387433457202210012021040700021035
20010000187687433457202204272021011700010909
20002000176787433457202209302021021800002007
20001578654387433457202204272021080700023773
20011001888787433457202207042021080700008972
20001041988687433457202210012021042700031231
20011001888787433457202207042021080700032432
20001041988687433457202211012021011700007647
20010000187687433457202207042021080700026040
20001578654387433457202204072021080700006832
20001578654387433457202201172021011700005040
20011001888787433457202209302021021800008565
20001041988687433457202204272021011700001335
20001578654387433457202204072021042700014984
20010000187687433457202209302021011700006272
20010000187687433457202205072021040700003607
20002000176787433457202209302021021800032210
20001578654387433457202201172021110100031906
20002000176787433457202201172021050700030729
20001578654387433457202207042021110100001918
20010000187687433457202205072021042700027923
20001578654387433457202211012021021800002389
20002000176787433457202205072021042700018035
20011001888787433457202204272021050700016035
20001041988687433457202210012021050700008642
20001041988687433457202210012021110100007738
20011001888787433457202208072021021800020777
20010000187687433457202208072021011700000448
20001041988687433457202205072021100100011241
20001041988687433457202207042021110100007724
20002000176787433457202201172021040700011987
20010000187687433457202210012021042700019532
20011001888787433457202202182021042700027856
20010000187687433457202205072021100100008514
20001578654387433457202209302021093000020314
20010000187687433457202204272021011700022274
20001041988687433457202208072021070400009984
20001578654387433457202211012021110100001238
20001041988687433457202202182021080700003046
20011001888787433457202210012021080700010202
20001578654387433457202204072021093000003651
20010000187687433457202204272021050700031616
20001041988687433457202210012021011700014050
20001041988687433457202204072021110100008718
20010000187687433457202204272021093000022434
20011001888787433457202208072021040700007451
20010000187687433457202204272021100100011254
20010000187687433457202208072021042700005653
20001041988687433457202204072021021800018789
20002000176787433457202204072021021800030398
20010000187687433457202208072021021800024586
20001041988687433457202211012021042700020906
20001578654387433457202205072021110100019221
20002000176787433457202207042021110100006850
20001578654387433457202211012021100100029001
20010000187687433457202210012021011700012229
20001578654387433457202205072021080700030076
20011001888787433457202202182021021800012482
20001578654387433457202207042021011700014106
20001041988687433457202201172021080700010399
20002000176787433457202205072021080700008866
20002000176787433457202210012021011700001429
20010000187687433457202204072021050700021031
20001041988687433457202211012021040700025009
20011001888787433457202211012021042700032209
20002000176787433457202207042021080700006996
20001578654387433457202210012021042700015450
20001041988687433457202209302021100100015796
20010000187687433457202204072021070400005009
20002000176787433457202210012021021800014682
20011001888787433457202210012021080700022746
20002000176787433457202201172021070400027810
20010000187687433457202202182021100100025004
20010000187687433457202209302021100100031806
20001041988687433457202208072021093000001041
20001578654387433457202211012021093000031667
20011001888787433457202211012021021800026410
20001041988687433457202208072021050700026074
20011001888787433457202204272021011700009129
20010000187687433457202204272021093000025952
20002000176787433457202208072021042700013396
20001578654387433457202204072021100100027975
20001041988687433457202202182021070400013961
20010000187687433457202204072021100100008546
20001578654387433457202204272021080700031413
20002000176787433457202201172021100100003805
20001578654387433457202205072021100100025819
20010000187687433457202210012021042700013491
20011001888787433457202208072021021800007443
20010000187687433457202202182021011700023606
20002000176787433457202204272021100100004104
20002000176787433457202204272021021800016779
20001578654387433457202205072021040700016249
20001578654387433457202208072021042700003115
20001041988687433457202205072021050700025273
20010000187687433457202209302021093000005987
20002000176787433457202201172021050700022319
20002000176787433457202208072021093000002772
20001578654387433457202202182021021800024791
20002000176787433457202211012021080700017140
20010000187687433457202205072021110100015039
20010000187687433457202204272021021800002443
20010000187687433457202204072021011700030603
20001578654387433457202210012021100100007735
20011001888787433457202207042021080700012785
20001578654387433457202208072021080700003817
20011001888787433457202205072021093000003390
20011001888787433457202211012021040700024678
20011001888787433457202201172021050700001487
20010000187687433457202205072021093000001734
20001578654387433457202201172021021800004505
20001578654387433457202204272021050700011768
20001578654387433457202211012021110100004257
20001578654387433457202202182021093000021053
20010000187687433457202204072021011700003460
20011001888787433457202211012021050700010408
20010000187687433457202202182021093000019953
20002000176787433457202209302021100100022436
20001041988687433457202208072021021800013098
20001578654387433457202205072021011700032622
20002000176787433457202204272021040700027271
20002000176787433457202207042021050700004759
20010000187687433457202209302021110100028147
20011001888787433457202209302021011700032388
20001041988687433457202204072021021800021613
20001041988687433457202201172021110100009197
20002000176787433457202201172021021800029319
20001041988687433457202204072021042700008033
20011001888787433457202201172021011700019179
20010000187687433457202208072021050700025024
20001578654387433457202207042021050700020177
20002000176787433457202205072021050700006336
20010000187687433457202204272021042700028298
20001578654387433457202209302021093000026473
20001041988687433457202205072021100100031225
20001041988687433457202205072021021800028313
20010000187687433457202208072021011700020756
20001578654387433457202204272021042700009601
20001578654387433457202209302021011700025703
20001041988687433457202204072021100100000549
20001041988687433457202209302021021800001425
20001041988687433457202210012021040700029152
20001578654387433457202208072021050700001990
20002000176787433457202210012021100100008669
20011001888787433457202202182021050700012363
20010000187687433457202211012021042700006048
20010000187687433457202207042021040700030461
20001041988687433457202204072021042700006523
20011001888787433457202201172021021800005834
20002000176787433457202202182021042700026393
20011001888787433457202210012021110100028214
20002000176787433457202201172021040700016887
20001578654387433457202208072021011700012248
20011001888787433457202207042021100100017893
20001041988687433457202209302021021800025307
20002000176787433457202207042021040700004490
20001041988687433457202209302021011700013181
20011001888787433457202205072021042700016093
20011001888787433457202209302021070400005011
20010000187687433457202208072021100100011181
20001041988687433457202207042021050700011011
20010000187687433457202207042021011700004634
20001041988687433457202204072021110100006216
20001041988687433457202210012021093000028953
20001041988687433457202201172021080700000242
20002000176787433457202211012021110100017652
20001578654387433457202201172021011700029219
20001041988687433457202202182021070400004040
20011001888787433457202205072021093000004372
20011001888787433457202211012021021800012805
20011001888787433457202210012021011700007054
20001041988687433457202207042021011700004850
20002000176787433457202211012021080700014449
20010000187687433457202207042021110100006438
20002000176787433457202202182021042700006192
20001041988687433457202201172021100100029456
20011001888787433457202211012021100100025938
20010000187687433457202209302021021800012144
20001578654387433457202204072021011700001267
20001041988687433457202210012021110100009691
20002000176787433457202208072021080700010049
20011001888787433457202202182021110100012091
20010000187687433457202201172021080700010240
20002000176787433457202211012021040700011852
20002000176787433457202211012021080700016134
20002000176787433457202204272021080700026657
20010000187687433457202204072021080700000192
20001578654387433457202207042021021800011421
20001041988687433457202202182021040700011947
20001578654387433457202204272021110100020218
20001578654387433457202201172021021800022491
20001578654387433457202202182021110100028230
20011001888787433457202210012021100100018808
20011001888787433457202204272021011700003552
20002000176787433457202211012021080700020284
20001041988687433457202211012021040700032256
20010000187687433457202207042021110100017399
20001578654387433457202208072021050700005164
20001041988687433457202211012021021800029195
20001578654387433457202202182021050700013252
20002000176787433457202207042021100100017392